site gpp ndvi rich
1 15601 8516 8.75
1 15457.8 8359 8
1 15751 8448 8.33
1 16087.5 8574 12
1 15017.5 8677 9.75
1 15012.5 8531 6.75
1 14721.2 8348 8.75
1 14355.8 8382 9
1 14575.3 8237 8.67
1 15279 8303 10.5
1 15854.8 8386 9.5
1 15902.8 8608 10.5
1 15943.5 8380 8
1 15658.5 8529 10
1 15096 8321 9.5
1 15511.8 8324 5.5
1 15351.8 8413 8
1 16017 8315 8
1 16117 8485 10.5
1 15426.2 8825 6.75
1 15463.8 8899 7
1 15474 8739 4
1 15643.3 8854 7.33
1 15290.5 8627 10.25
1 15431.5 8618 9.5
1 15438.7 8624 10.33
1 14703.8 8587 9.75
1 14144.2 8845 8.25
1 13491 8839 10
1 15936.3 8903 11.33
1 14132 8829 8.67
1 13694.8 8517 9.5
1 13733.5 8572 7
1 13049.5 8576 7.75
1 14971 8800 8
1 14122 8772 10
1 15679.8 8938 12.5
1 15581.8 8832 11.5
1 15631.5 8985 8.5
1 15797 9000 6
1 14849.8 8476 8.5
1 14981.8 8660 7.5
1 15403 8377 10
1 15749.8 8898 10
1 15912.5 8953 10.75
1 16000 8957 7
1 15343.5 8337 10.25
1 15241 8251 8.75
1 15378 8273 9.5
1 15377.3 8370 9.33
1 14344.5 8273 12.25
1 14672 8310 12.5
1 14216 8279 7.33
1 14616 8342 12
1 14298.5 8625 10
1 14900.8 8553 11.25
2 14396 8519 12.9
2 14235.2 7717 14.7
2 13892.8 7928 10.4
2 13765 8811 11.7
2 13514 8804 13.9
2 14079 8771 14.6
2 12919.4 8852 14.5
2 13887 8267 11.7
2 13426 8867 12.9
2 12863 8804 11.9
2 12902.4 8605 13.5
2 15201.8 7955 13.7
2 14448 8531 11.2
2 13446.8 8064 11.9
2 14415 7744 16.1
2 13195.6 8816 8.3
2 13659.2 8824 13.1
2 13689 8082 13.1
2 13050 8854 11.6
2 13585 8948 12.9
2 13206 8956 8.7
2 12872 8809 11.8
2 13987 8831 12.1
2 17337 8005 14.1
2 18519 7615 16.4
2 13490.6 8277 18.5
2 13013 7894 13.6
2 15618 8925 13.4
2 14354.2 8895 15
2 14142 8172 14.1
2 13655.4 8754 10.8
2 13851 8797 11.8
2 17153 8448 16.2
2 13100 8664 10.6
2 13714 8134 12.4
2 13781.2 8653 11.2
2 14411 8536 9.6
2 14334.2 8478 16.2
2 14542 8925 8
2 13489 8654 10.8
2 14890 8579 12.4
2 14534 8670 12.8
2 15037 8483 12.4
2 16438.2 7823 12.4
2 14233.8 8241 9.2
2 13772.4 8411 15.8
2 13058 8945 11
2 14200 8775 12.2
3 9922 7145 9.4
3 9266 6678 9.3
3 10259.2 7995 9.2
3 10268.4 7670 9.9
3 8398 5812 8.7
3 9372.4 6542 9.9
3 10178.6 7050 9
3 10095.8 7642 8.7
3 9535 6833 10.6
3 9731.4 6858 8.6
3 10885 7938 10
3 9853.4 6872 11.5
3 10903 7429 10.9
3 10925 8050 10.5
3 10220.4 7150 7.6
3 7568 7686 9
3 10237.8 7892 9.2
3 9374 7028 6.6
3 9286 7372 7.9
3 8567 6040 9.4
3 8175.8 5443 8.6
3 8852 6389 9
3 10003 7839 9.1
3 8366.4 6790 12.6
3 9227.6 6632 14.8
3 10559.4 6858 8.7
3 10591.8 7647 10.9
3 9135 6197 9.8
3 9424 7006 10
3 9594.6 6856 9.5
3 9294 7364 11.3
3 6338.4 5476 6.9
3 10064.4 7700 13.8
3 7336 6351 6
3 7024 6163 7.9
3 8250.2 6063 8.9
3 7756.6 5924 8.5
3 7234 6928 7.4
3 6875.8 6272 10.6
3 6881 6240 8.4
3 6944.6 6195 14.6
3 8273.6 6677 12.7
3 5562 6780 11.4
3 10392 8583 8.8
3 8722 5433 7.4
3 7953.6 6142 8.8
3 9197 6503 10.1
3 9327 6714 9.6
3 9523 6826 6.1
3 9270.8 6617 4.8
3 8330.8 6280 6.2
3 9543 7379 6.2
3 10054 7382 6.7
3 9860.2 7179 8.4
3 9253 6407 4.5
3 9682.8 6216 12.2
3 8306 5999 7.1
3 10861 8064 7.4
3 10902.8 8057 10.8
3 9715 7338 10.6
3 8889.6 6256 7.4
3 9827 7851 10.2
3 10092 7787 9.2
3 10921 7811 8.8
4 4737 6429 9.375
4 7625.5 6620 9.25
4 8051 6788 9
4 7693 7072 8.75
4 8073.75 6913 10.875
4 7826 6389 11.25
4 6861.5 6342 8
4 5746.75 6488 5.875
4 7343.75 6573 10.5
4 5757 5307 5.875
4 7240 6023 9.5
4 8136.75 6792 9.75
4 8032 6557 6.25
4 8023.75 7031 10.5
4 7960.25 7365 10.25
4 8348 6880 11.375
4 8391 6937 9.75
4 8423.25 7511 12.167
4 8530.5 6910 5.25
4 8609 7665 7.875
4 8735.75 7829 6.625
4 4476 6863 4.25
4 7820 6420 9.875
4 8141.25 6469 3.75
4 7937 6206 5.25
4 7937 7084 5.25
4 8252.5 6848 9
4 7097.75 6689 7.75
4 7406 6775 9.625
4 8298 7813 8.875
4 6505.5 4070 4.5
4 6549.5 4862 5.125
4 6676.5 5507 5.625
4 6160 4177 2.25
4 5373.5 3275 6.25
4 4513.25 2611 3
4 6565 4400 3.5
4 6787 5235 2.875
4 6718 5916 6.625
4 6410.5 6819 6.125
4 7462.25 6361 4
4 8284.5 7836 4.875
4 3842 6339 8
4 7268.5 7168 9.25
4 8593.75 6729 7.375
4 4830 6600 6.25
4 8296.5 6982 6.625
4 8588 6855 7
4 7923 5391 5.75
4 7626.5 5846 2
4 7645 5472 3.375
4 7912.25 6372 6.875
4 7776 5993 5
4 7700 6189 8.625
4 8413 6736 7.875
4 8194 6458 10.125
4 8154.25 7000 7
4 6850 4616 10.75
4 6807.25 5180 7.125
5 4475 3288 2.17
5 3502.83 3033 3
5 5923.33 4106 2.67
5 5699.67 4065 1.5
5 6164 3868 3.67
5 6205.33 4275 3
5 4797.67 3598 2.5
5 8328.67 6754 4.33
5 8325.33 6465 6.17
5 6362.5 4847 2
5 5198 3813 3.17
5 4700 3940 2.17
5 5296.67 4243 2.5
5 5689 4274 1.5
5 3731 5725 5.33
5 6471.67 5800 5.5
5 4868.67 5537 4.5
5 4900.5 5890 4.67
5 4383 5707 4.33
5 4657 5875 3.83
5 4572 6304 7.5
5 3257 2567 2.5
5 4840 2582 2.67
5 5930.33 3796 4.75
5 6173.5 3783 4.17
5 6200 4362 1.5
5 6724.33 4917 2
5 4510.67 3361 3
5 7129.67 5799 3.5
5 5463.17 4053 3.17
5 6596 5377 3.17
5 6753.17 5784 1.33
5 6751.33 5436 6
5 5290.67 5308 3.33
5 6649.33 4373 3
5 5679.56 6346 3.25
5 7049.5 5894 3.83
5 4251.33 5768 8.11
5 6041.5 6310 7.67
5 6916.33 6660 4.83
5 5158 6255 4.5
5 4720 6078 3.33
5 5328.67 4420 3.17
